60.61781320000001,6.421712600000001
60.6197868,6.4265476
60.6199606,6.4265952
60.621362500000004,6.4276832
60.6216863,6.4278633
60.621830100000004,6.4279487
60.6237358,6.4293935
60.6239665,6.429575800000001
60.625214500000006,6.4299635
60.6263725,6.4300094
60.6272945,6.4297214
60.627402000000004,6.4296774
60.6276299,6.4295819000000005
60.6278218,6.4295015
60.6287761,6.4295406
60.62895629999999,6.4295683
60.62896700000001,6.4292416
60.6290406,6.4279099
60.6290502,6.4276733
60.62905229999999,6.4274311
60.62904280000001,6.4266755
60.6290377,6.4259905
60.6294355,6.4259437
60.62964769999999,6.4257199
60.6298111,6.4255375
60.6298513,6.425491
60.6303721,6.427083
60.630646299999995,6.427798
60.6311476,6.4288041
60.6348649,6.434889
60.6352864,6.435555000000001
60.6373093,6.4386328
60.6385913,6.4372561
60.6392569,6.436621700000001
60.6417992,6.4361215
60.64193879999999,6.4357503
60.6420572,6.4353467
60.64221529999999,6.4353507
60.6423158,6.4355648
60.642552300000006,6.435691
60.6443089,6.4355844
60.644910100000004,6.4355297
60.64547410000001,6.43547
60.6499594,6.435625300000001
60.651057099999996,6.4359391
60.6514387,6.4360477000000005
60.6518323,6.435969
60.65187649999999,6.4358889
60.6520455,6.4359149
60.65208380000001,6.4360094
60.65238159999999,6.4362214
60.6551683,6.4355187
60.6555967,6.435269
60.65567600000001,6.4350878
60.65578970000001,6.4350804
60.6558366,6.4351392
60.656279,6.4353137
60.6591087,6.4359842
60.6592797,6.4357161
60.6594054,6.4360389
60.660655500000004,6.4360743
60.6607516,6.4360836
60.6616848,6.436286000000001
60.66269059999999,6.4369612
60.666606200000004,6.443493700000001
60.666668300000005,6.4435844
60.670861,6.4502926
60.6717145,6.4516122000000005
60.671794500000004,6.4517283
60.67441149999999,6.4526987
60.678545799999995,6.4561085
60.6811333,6.4589514
60.6817234,6.4597196
60.6820739,6.4601615
60.6822852,6.4603539
60.6860024,6.461469
60.68653200000001,6.4617174
60.6886629,6.4642979
60.6930531,6.4705848
60.6941618,6.4718757
60.6977274,6.4739507
60.6995537,6.4756779
60.704847900000004,6.4799501
60.707579900000006,6.483591
60.71327930000001,6.4856424
60.7139444,6.4859556
60.72286450000001,6.4917824
60.724423599999994,6.4913251
60.730700399999996,6.490463200000001
60.7413676,6.4900103
60.741728,6.4899847
60.752852100000005,6.5007264
60.7553526,6.498511
60.763851599999995,6.492574
60.7660405,6.4932532
60.7684897,6.490331
60.769020299999994,6.4892828
60.769292400000005,6.4889241
60.770746900000006,6.487935
60.7723136,6.4873309
60.773628800000004,6.4860608
60.77389599999999,6.485743
60.7740197,6.4856062
60.77685720000001,6.4843141
60.777089000000004,6.484289200000001
60.7778321,6.4844234
60.77990189999999,6.486097700000001
60.78121,6.4872001
60.7820329,6.4878800000000005
60.7835028,6.48867
60.7843233,6.4966314
60.7854456,6.4994343
60.7901958,6.5053171
60.791298899999994,6.506846
60.7914821,6.5072798
60.7917753,6.508258200000001
60.7918451,6.5082224
60.791965999999995,6.5083638
60.7923282,6.5084239
60.7929905,6.5086007
60.79375989999999,6.5083198
60.80165890000001,6.4995232000000005
60.803653000000004,6.4994621
60.8091023,6.4846675
60.813368399999995,6.4747073
60.8233101,6.4646775
60.827326000000006,6.4636046
60.8284263,6.462772
60.829778700000006,6.4619619
60.8314543,6.4614375
60.832907,6.4611016
60.8332705,6.4610211
60.833556300000005,6.4609557
60.834050299999994,6.4606767
60.834346000000004,6.4599923
60.8345361,6.459372100000001
60.8346483,6.4588421
60.8351938,6.4541006
60.8353619,6.454976
60.83698690000001,6.460212100000001
60.8371511,6.4606651
60.8371634,6.4606949
60.8403876,6.4643337
60.8414167,6.4657502
60.8450821,6.4723433
60.84802259999999,6.4770842
60.85216729999999,6.4846316
60.85281440000001,6.4858452
60.85407880000001,6.4887069
60.8550358,6.4912002
60.857808000000006,6.495271700000001
60.8602175,6.4966186
60.86276050000001,6.4962286
60.862900800000006,6.4961389
60.8631202,6.4960531
60.86585109999999,6.496662
60.8856832,6.5028685
60.8859396,6.5025059
60.89142890000001,6.497201
60.9014828,6.4859377
60.9015435,6.4857801
60.90160590000001,6.4855863
60.90189829999999,6.4844099
60.9021994,6.4807497
60.902164400000004,6.480633900000001
60.901297299999996,6.469672800000001
60.901260900000004,6.4695954
60.9099268,6.4569904
60.9099855,6.456826800000001
60.9116608,6.4456396
60.924657100000005,6.4461556
60.931453,6.4432990000000006
60.93737000000001,6.441819
60.9447057,6.451689
60.9555169,6.4689611
60.96227,6.4790677
60.962332800000006,6.4792393
60.96383999999999,6.483254
60.969719,6.493871
60.96925319999999,6.4971203
60.97317610000001,6.506671600000001
60.97423419999999,6.5080261
60.975561000000006,6.514518
60.9777022,6.522641900000001
60.9777472,6.5226817
60.97847,6.523453
60.97861180000001,6.5236929
60.9787133,6.5239209
60.979031,6.524762
60.980417,6.528914
60.98289859999999,6.533397300000001
60.98408429999999,6.5352961
60.99244100000001,6.5418649
60.998687499999996,6.5429726
61.0025,6.5403441
61.01171099999999,6.5414625
61.02083,6.544364
61.0334037,6.5407921
61.05624199999999,6.552083
61.0559711,6.5493322
61.05488449999999,6.5423611
61.054658,6.539240300000001
61.0551642,6.5377973
61.0552473,6.5377329
61.056204900000004,6.5378683
61.061298,6.538232
61.0622184,6.5419245
61.063813,6.548409
61.063959,6.548474000000001
61.064377400000005,6.5482593
61.06474130000001,6.5477272
61.0653242,6.5468673
61.0654646,6.5466602
61.0667652,6.5465963
61.0669207,6.5468172000000004
61.067336100000006,6.5481468
61.0694557,6.5503916
61.0697953,6.5502544
61.06947709999999,6.555434
61.06907290000001,6.5575419
61.0690353,6.5576577
61.0689802,6.5579058
61.0689691,6.5580077
61.0690165,6.5591222
61.069029300000004,6.561339
61.06908700000001,6.5640208
61.0691225,6.5644416
61.069304,6.566373
61.06943629999999,6.5678751
61.069633,6.5717792
61.06990460000001,6.5739579
61.0700239,6.575432
61.071577700000006,6.5778507
61.071987099999994,6.5776938
61.07395390000001,6.5766303
61.0747115,6.5767533
61.075215500000006,6.576883800000001
61.07703810000001,6.577388
61.07864599999999,6.577420200000001
61.0798166,6.577299
61.080742699999995,6.5771936
61.08203520000001,6.5771842
61.0825294,6.5774806
61.08283550000001,6.5777434
61.0840358,6.578735900000001
61.08409999999999,6.5787882
61.085579100000004,6.5797718
61.0860576,6.5800555
61.0861231,6.5800931
61.08654260000001,6.5803019
61.0868853,6.5802971
61.08742420000001,6.5802363
61.08774150000001,6.5803264
61.08796279999999,6.5804006
61.0884337,6.5805215
61.0888163,6.584080700000001
61.088877600000004,6.5845968
61.08891640000001,6.5849227
61.08898750000001,6.585489100000001
61.08899890000001,6.5855797
61.089007200000005,6.5856458
61.0890204,6.5857506
61.0890909,6.5863404
61.089121,6.5865962
61.08927220000001,6.587876900000001
61.08963180000001,6.5893346
61.0897143,6.5895244
61.089761900000006,6.5896339
61.090193000000006,6.590265
61.0923285,6.5915903
61.11876960000001,6.6022707
61.1225308,6.6064391
61.1249433,6.6072357
61.126661000000006,6.6078321
61.1270007,6.6080376
61.128182,6.609337
61.1287414,6.6101485
61.1290467,6.6104574
61.13101030000001,6.6124606
61.13724700000001,6.616851
61.139070600000004,6.6178277
61.13912599999999,6.6178533
61.14233500000001,6.6198045
61.14447289999999,6.6221299
61.144631100000005,6.6223076
61.144698000000005,6.6223848
61.14554720000001,6.6239026
61.1496579,6.627076
61.15156960000001,6.6271657
61.1517161,6.627268
61.1525581,6.6278726
61.153008400000004,6.6282079
61.1566317,6.629495300000001
61.156781800000005,6.6296723
61.1601148,6.6315687
61.162074,6.631821
61.163029,6.631889000000001
61.1659513,6.6321352
61.166585999999995,6.632211
61.1702527,6.6325369
61.1716763,6.6326618
61.1723776,6.6328105
61.1730372,6.6332558
61.17347050000001,6.633634
61.17443779999999,6.635295600000001
61.174604599999995,6.635858900000001
61.174812200000005,6.6371973
61.175014299999994,6.6373618
61.175065000000004,6.637654
61.2073594,6.5976106
61.20737760000001,6.5982725
61.20749730000001,6.6054044
61.2088105,6.6239573
61.2101295,6.628335
61.2081576,6.6480713
61.20811509999999,6.6484645
61.2037519,6.6713323
61.203872600000004,6.6730052
61.2043815,6.679025
61.200681100000004,6.6919405
61.19675540000001,6.7002203
61.18660799999999,6.708242
61.182087700000004,6.7162682
61.1816302,6.7385853
61.1818788,6.7415768
61.1821392,6.7443938
61.1821453,6.7444779
61.182170600000006,6.7447396
61.1825936,6.7476719
61.1820804,6.7616198
61.1820926,6.7619286
61.1820991,6.762056
61.1821713,6.763600500000001
61.1822359,6.7648355
61.182503,6.7688908
61.18269320000001,6.7703811
61.182664300000006,6.7728757
61.182325000000006,6.7748549
61.182174100000005,6.7759141
61.182081200000006,6.778877700000001
61.18233,6.7810875
61.1824551,6.7819255
61.18267120000001,6.7835688
61.1821192,6.7867558
61.1821843,6.7895529
61.1825259,6.7909987
61.182824100000005,6.7922615
61.1830411,6.7931939
61.1835039,6.7951477
61.1840223,6.7973017
61.1851351,6.801996100000001
61.1855239,6.8044649
61.1855357,6.8045588
61.1857729,6.809350600000001
61.185531,6.8171928
61.18549440000001,6.8192946
61.1857602,6.8212897
61.1859695,6.8236299
61.1859891,6.823952
61.1863857,6.8289929
61.18653220000001,6.8320477
61.1865522,6.834906
61.186325200000006,6.8380226
61.1857707,6.8416154
61.1857498,6.8417512
61.18545000000001,6.8436627
61.1853916,6.8441054
61.1853358,6.8449611
61.18533330000001,6.8455945
61.1853249,6.846858400000001
61.18530990000001,6.8474343
61.185202800000006,6.8484257
61.1842605,6.8502601
61.18347090000001,6.851202000000001
61.1832074,6.8515173
61.1830878,6.8516737
61.18298969999999,6.8517897
61.18260790000001,6.8522674
61.181970799999995,6.8529902
61.18152220000001,6.8534566
61.18141390000001,6.853546500000001
61.181003200000006,6.853860700000001
61.1806991,6.8541005
61.179571800000005,6.8550534
61.1792326,6.8555975
61.1782115,6.8587747
61.17775249999999,6.8597169
61.177625400000004,6.8599856
61.1766447,6.8618179
61.1750099,6.8655189
61.17375280000001,6.868445400000001
61.17348359999999,6.8694606
61.173234099999995,6.8711016
61.17317210000001,6.8721339
61.1731678,6.872430500000001
61.1732067,6.8735677
61.174947700000004,6.8816265
61.1749069,6.8868224
61.17488480000001,6.8870676
61.17476930000001,6.8884021
61.1615741,6.9196096
61.1605353,6.9230916
61.1601306,6.9274489
61.1601296,6.9274559
61.1600604,6.9286685
61.159964300000006,6.9304489
61.15981380000001,6.9331561
61.1597011,6.9358885
61.1596993,6.9359899
61.1596663,6.937242
61.16000970000001,6.9416717
61.1613782,6.945611100000001
61.16232850000001,6.9494976
61.1625671,6.9511754
61.1626895,6.9522754
61.1612119,6.9638729
61.1605689,6.9680706
61.1609655,6.9794646
61.1607365,6.9802384
61.1603697,6.9871813
61.1613575,6.9875582
61.1635956,6.9893177
61.164147,6.9899493
61.164319899999995,6.9901455
61.1667578,6.9917116
61.169663799999995,6.9940327
61.17213970000001,6.997768000000001
61.17335860000001,7.0011972
61.1812471,7.0122439000000005
61.18153399999999,7.0127413
61.1838031,7.016543400000001
61.1840193,7.0168988
61.185672200000006,7.0186349
61.1911876,7.0225248
61.19153270000001,7.0228265
61.19175839999999,7.0231027
61.19191649999999,7.0233764
61.1951088,7.0311843
61.20722310000001,7.0591825
61.2079297,7.0622563000000005
61.2081159,7.0636018
61.2086299,7.0672238
61.2192443,7.0996994
61.2206539,7.1018261
61.22473780000001,7.1045766
61.2255023,7.1032406
61.2258133,7.1025122
61.2259274,7.1022418
61.22621960000001,7.1015209
61.2265008,7.100864
61.227088800000004,7.0994681
61.22879410000001,7.096598
61.2289715,7.0965694
61.2290429,7.0965061
61.229204700000004,7.0959988
61.229235900000006,7.0942698
61.2291733,7.0933834
61.2291407,7.0896088
61.2296806,7.0834093000000005
61.22975850000001,7.0822484
61.2298234,7.0814379
61.2299835,7.0802425
61.230373900000004,7.077668300000001
61.2308573,7.071527400000001
61.23100060000001,7.0706168
61.23110580000001,7.0643994
61.23240830000001,7.0479776
61.2366574,7.0385107
61.2502708,7.0257835
61.2502519,7.0250988
61.2502447,7.0247248
61.2503128,7.0234917
61.25045870000001,7.0223017
61.2567221,7.0137198
61.2594046,7.0165642
61.2824177,7.0008424
61.2827216,7.000826
61.2860174,6.998538
61.2865759,6.997453600000001
61.2882187,6.9962346
61.288465,6.996240600000001
61.2933295,7.0021158
61.2950114,7.0028092
61.30307040000001,6.9985665
61.3110078,6.993889
61.3147305,6.9902189
61.32193560000001,6.9534637
61.3236139,6.9282287
61.3239204,6.9272642
61.324045600000005,6.9269511
61.3251928,6.9253541
61.3337493,6.9234962
61.3397792,6.917964400000001
61.3468556,6.8884967
61.346877899999996,6.8880171
61.3474369,6.8739368
61.3796388,6.7682916
61.3796739,6.7677477
61.37969699999999,6.767421
61.38079760000001,6.7586
61.38142870000001,6.7578264
61.3833393,6.7575567
61.40577210000001,6.7612388
61.41492379999999,6.7621579
61.41576,6.7620418
61.4185796,6.7614022
61.418722200000005,6.7614275
61.41945069999999,6.7618164
61.421012299999994,6.764125600000001
61.42254930000001,6.7652658
61.4238768,6.7653685
61.4247927,6.7652363
61.43063420000001,6.7649143
61.4353301,6.7647587
61.436686200000004,6.7640852
61.437106199999995,6.7635908
61.4414017,6.7511958
61.44216130000001,6.7503032
61.44401,6.7493512
61.4798138,6.744472700000001
61.4812795,6.7411217
61.514666000000005,6.6574501
61.5147011,6.6574537
61.5149911,6.6574645
61.5151903,6.6574296
61.515498400000006,6.6573004
61.515880300000006,6.6570071
61.5190594,6.6353363
61.522225,6.6212878
61.5238049,6.619736
61.53154490000001,6.5751219
61.5316531,6.5713441
61.53165440000001,6.5713256
61.5325285,6.5660574
61.532635799999994,6.5657326
61.53678630000001,6.5512647
61.5367932,6.5512528
61.537354900000004,6.5505277
61.5393117,6.5455721
61.5393156,6.5455162
61.5400271,6.5421689
61.5402424,6.5414514
61.5404296,6.5407687
61.5408164,6.5391602
61.541883600000006,6.5335121
61.542223,6.5324177
61.5432288,6.5263639
61.5435727,6.5226908
61.543203399999996,6.5159507
61.542875200000005,6.5085314
61.5428766,6.5084951
61.5443827,6.4970637
61.5452818,6.492478
61.55259509999999,6.4742724
61.555649300000006,6.4706955
61.55626420000001,6.4701137
61.5649864,6.4764833
61.565411,6.4774232
61.566383900000005,6.4788229
61.567149,6.4796037
61.5680688,6.4805334
61.5692227,6.4818219
61.569905000000006,6.4818592
61.57036310000001,6.4815822
61.5714064,6.4799353
61.5714002,6.4793679
61.571456100000006,6.4788977
61.5715312,6.478911
61.57160940000001,6.4791092
61.57187570000001,6.4795212
61.572092000000005,6.4798986
61.5722079,6.4800748
61.5727739,6.4807679
61.573078200000005,6.4811283
61.5734033,6.4815349
61.57434490000001,6.4825651
61.575009300000005,6.4828804
61.575301,6.4830038
61.57609130000001,6.483557700000001
61.5764684,6.4843048
61.5774826,6.486897
61.5782049,6.4887316
61.579274299999994,6.4913636
61.5803954,6.4925176
61.582469100000004,6.4927008
61.583655,6.492865
61.59093489999999,6.5020393
61.591532400000006,6.5032893
61.5919063,6.5041611
61.592852199999996,6.5063344
61.5949214,6.5078077
61.596002899999995,6.5114659
61.5964502,6.5136062
61.5980115,6.5141963
61.600245099999995,6.5164973
61.601295500000006,6.5182704
61.6023332,6.5189061
61.6063715,6.5213166
61.6064324,6.5214038
61.6072608,6.522896500000001
61.60804420000001,6.5248679
61.6080974,6.525041000000001
61.6088424,6.5274114
61.609298800000005,6.5285032
61.6098041,6.529595300000001
61.6099228,6.5298035
61.6115606,6.5316346
61.61214079999999,6.5315964
61.617862,6.5295366
61.626946,6.5267567
61.633193199999994,6.5245138
61.63341599999999,6.524813
61.63528300000001,6.524570000000001
61.64270320000001,6.5209012
61.643684900000004,6.5207793
61.6474362,6.5198824
61.649548,6.5189883
61.65052279999999,6.5187326
61.6541283,6.5180376
61.65793330000001,6.5163585
61.6615022,6.517204300000001
61.66246550000001,6.5168073
61.6641879,6.516576700000001
61.66562700000001,6.517015300000001
61.6775727,6.520610800000001
61.6831976,6.5196013
61.68345119999999,6.5195482
61.68594529999999,6.5203377
61.686297200000006,6.5207386
61.6877866,6.5213329
61.689556100000004,6.5228577
61.6909028,6.524206600000001
61.6952916,6.528909
61.696652300000004,6.530570300000001
61.69683270000001,6.5308133
61.69841980000001,6.531427
61.6993503,6.531503
61.7000768,6.5319149
61.702450400000004,6.5329503
61.7046728,6.5335993
61.7136616,6.5289894
61.7156959,6.5280797
61.717845700000005,6.5267337
61.7207195,6.5218645
61.722273900000005,6.5196119
61.725340900000006,6.5145936
61.7255393,6.5142417
61.72552060000001,6.5141879
61.7246461,6.5110547
61.7242328,6.5107428
61.726992100000004,6.4919346
61.72771050000001,6.4893398
61.72810290000001,6.4870487
61.729469,6.4784374
61.72958479999999,6.4774741
61.7300049,6.4739258
61.73018030000001,6.4681339
61.72934020000001,6.4621507000000005
61.7294235,6.4556779
61.72986529999999,6.4519577
61.73106239999999,6.444495500000001
61.7310989,6.4443665
61.7325481,6.4338253
61.733305,6.4337749
61.7333317,6.4337829
61.733724499999994,6.433924400000001
61.733967199999995,6.4339917
61.7343978,6.4334846
61.734423699999994,6.4334945
61.73553330000001,6.4273577
61.736347599999995,6.4180039
61.7365494,6.4154866
61.7366832,6.4148872
61.73669470000001,6.414840100000001
61.7370616,6.4130953
61.737401600000005,6.4114684
61.7375287,6.4108766
61.7377485,6.409693
61.73779160000001,6.4094313
61.738395100000005,6.4049604
61.7383838,6.4046019
61.738160799999996,6.4010566
61.738843800000005,6.3952947
61.7390055,6.3936371
61.739340799999994,6.3909544
61.73952789999999,6.3900596
61.74029650000001,6.3855951
61.7432514,6.3780761
61.7441086,6.3770611
61.7478053,6.370518
61.74798169999999,6.3697365
61.749290200000004,6.3639876
61.749674,6.3590903
61.751577899999994,6.339440100000001
61.752340100000005,6.3382561
61.7526445,6.3376019
61.755810200000006,6.3209448
61.755836599999995,6.3178721
61.75535,6.3150727
61.7551534,6.3143984
61.75188990000001,6.3076704
61.75148909999999,6.306897900000001
61.7522176,6.2909124
61.7522721,6.2902735
61.7543244,6.2800397
61.7540986,6.2782627
61.753992800000006,6.2724235
61.75707100000001,6.259744
61.7584176,6.2576107
61.7594308,6.2570523
61.763361200000006,6.2459686
61.7633985,6.245874
61.7655558,6.2413224
61.7660674,6.2398995
61.77018259999999,6.2339364
61.7715215,6.2325434
61.7719726,6.2320687
61.7720375,6.23201
61.77304139999999,6.2311974
61.7733248,6.2309254
61.7735885,6.2306418
61.7738107,6.2303739
61.778085499999996,6.2206797
61.7781981,6.2204973
61.778275400000005,6.2203713
61.7864807,6.2040905
61.78941890000001,6.1949071
61.7897418,6.1920177
61.78985279999999,6.1910924
61.79000740000001,6.1901011
61.7904937,6.1881474
61.8100751,6.1533296
61.8101678,6.1530869
61.810450499999995,6.1522217
61.81055370000001,6.1518212
61.82174820000001,6.1152239
61.822690900000005,6.1121324
61.8229882,6.1112182
61.8231984,6.1104078
61.8232568,6.1101671
61.824265600000004,6.1047932
61.82707680000001,6.101989
61.82815479999999,6.1020736
61.8293255,6.101479
61.8303563,6.101261
61.8324266,6.1019523
61.8335202,6.1026332
61.8352224,6.101828500000001
61.83934000000001,6.0944556
61.84070049999999,6.0908664
61.8441181,6.0898086
61.8445901,6.0880648
61.844854600000005,6.0862418
61.84505440000001,6.0849037
61.8457909,6.0827699
61.84626759999999,6.0821361
61.84639539999999,6.0819915
61.8465088,6.0818802
61.86404149999999,6.0794503
61.86422880000001,6.0792284
61.8657036,6.0787825
61.8664198,6.0784342
61.8668685,6.0780622
61.86768049999999,6.0765476
61.8678063,6.0762044
61.868043,6.0754977
61.8681058,6.075297400000001
61.86867980000001,6.0739998
61.869196499999994,6.0733601
61.8702291,6.072798
61.8706901,6.0726903
61.8716904,6.0723968
61.8734907,6.0696796
61.8776068,6.0430966
61.8780735,6.0397639
61.9027892,6.026733
61.9031674,6.0258452
61.9032485,6.0253829
61.9030765,6.0229683
61.9027281,6.0138157
61.90277280000001,6.0131221
61.902849200000006,6.0119478
61.9029354,6.0106076
61.90301970000001,6.0092777
61.9030612,6.0084971
61.9030265,6.0051132
61.9031259,6.0045791
61.9039322,6.0056614
61.9044388,6.0066144
61.9046599,6.0071329
61.906431500000004,6.0176099
61.9064413,6.0193679
61.90692920000001,6.0219262
61.9073139,6.0234013
61.9074252,6.0248615
61.90753600000001,6.0252074
61.908734300000006,6.0284979
61.9090338,6.0297281
61.9098078,6.0361622
61.9101341,6.038039100000001
61.9101706,6.0381924
61.910980599999995,6.0421915
61.9108446,6.043052
61.91066690000001,6.0435127
61.909876499999996,6.0447616
61.91007559999999,6.0502303
61.913001699999995,6.059507
61.91285439999999,6.0641843
61.91285810000001,6.0700905
61.91288810000001,6.0706372
61.9133993,6.0733565
61.9140122,6.0773571
61.9140939,6.0779005
61.91321680000001,6.0941211
61.9132007,6.0948322
61.9132343,6.0950786
61.91362470000001,6.0944596
61.91385180000001,6.0942519
61.9147219,6.0934827
61.915280100000004,6.0928954
61.915871900000006,6.0910554
61.9159176,6.0908012
61.91609630000001,6.0911471
61.916441,6.0921746
61.9170989,6.0955534
61.9172837,6.0965118
61.9185972,6.1030667
61.919117,6.1077188
61.9194199,6.1109161
61.9196012,6.1127169
61.920321400000006,6.1636629
61.920305500000005,6.1685776
61.9208171,6.2095821
61.9238238,6.210729200000001
61.92567650000001,6.2127363
61.928054,6.2154115
61.92962030000001,6.220496
61.9296386,6.220551
61.9304527,6.2233807
61.9332722,6.2261939
61.9342974,6.229081
61.9334971,6.245482
61.93365490000001,6.2454062
61.93376070000001,6.2453811
61.9344799,6.2460845
61.935324300000005,6.247799
61.9358983,6.2480573
61.936589500000004,6.2488323
61.9422243,6.250006
61.9474834,6.2399173
61.952351400000005,6.2438149
61.9532547,6.2451259
61.95608419999999,6.2498053
61.9569902,6.2499143
61.9603572,6.2545025
61.96883520000001,6.2804721
61.9722149,6.2907374
61.9733847,6.2948746
61.97954,6.3109743
61.97960590000001,6.3110589
61.979673600000005,6.3111721
61.9932274,6.3594351
61.9950029,6.3609287
61.9952829,6.3612761
61.99536710000001,6.3614651
61.9954564,6.361638300000001
61.9989805,6.3631068
62.0337961,6.392373
62.033393600000004,6.3954306
62.03337499999999,6.395479900000001
62.0331677,6.3964951
62.03165130000001,6.3987222
62.0316645,6.3988835
62.031726,6.4006577
62.03173770000001,6.4007296
62.034333999999994,6.4115094
62.0346557,6.411932200000001
62.036037400000005,6.4128434
62.0361566,6.4128865
62.03808970000001,6.4135718
62.0380727,6.4142917
62.038237300000006,6.4159637
62.0382278,6.4166018
62.03818450000001,6.4168938
62.03779299999999,6.4197121
62.03777409999999,6.4193721
62.03774270000001,6.4188052
62.0389863,6.4182499
62.039221100000006,6.4180865
62.03931219999999,6.4180217
62.0525234,6.4047811
62.0541786,6.4031081
62.0575176,6.3941734
62.0593841,6.386484600000001
62.0615517,6.3703062
62.061633400000005,6.36997
62.06080390000001,6.3623732
62.0597889,6.3563463
62.0605782,6.3532128
62.0612314,6.3492865
62.0636351,6.3414918
62.06503970000001,6.3395211
62.0702034,6.320739900000001
62.0718158,6.3204602
62.07493070000001,6.3181398
62.0758585,6.3177521
62.07604490000001,6.3177199
62.0762323,6.3176768
62.076766600000006,6.3175672
62.0806742,6.3086557
62.08151730000001,6.3000871
62.08220690000001,6.2968614
62.0830306,6.2927237
62.08638940000001,6.2839384
62.0866241,6.2765253
62.0865905,6.276222
62.086308,6.2614643
62.0877935,6.2573643
62.0889321,6.2542218
62.0911476,6.2414052
62.091127300000004,6.2329441
62.09048299999999,6.2292109
62.09034739999999,6.2284285
62.0902552,6.2250576
62.0904352,6.2239329
62.0932118,6.2185735
62.095581,6.2117885
62.09698439999999,6.210987
62.0971131,6.2108436
62.09754010000001,6.2105678
62.1040635,6.2129372
62.1042608,6.2130407
62.11123070000001,6.2207339
62.1116566,6.221630800000001
62.11435980000001,6.2356981
62.11445460000001,6.2387094
62.119603,6.2398663
62.1298718,6.2407633
62.13628320000001,6.2545623
62.138188,6.2551869
62.1406241,6.256365
62.1406818,6.2563823
62.1407742,6.2564072
62.1408942,6.2564397
62.1413027,6.2561648
62.1426165,6.2563216
62.1431507,6.2560806
62.1457313,6.2535943
62.145843,6.2532073
62.145916400000004,6.2529876
62.1481992,6.2461946
62.1517836,6.2353718
62.1524787,6.2346301
62.1529639,6.2341737
62.155257,6.2317067
62.156490000000005,6.2306458
62.1568417,6.2304305
62.1576731,6.2300859
62.157696099999995,6.2300776
62.1586564,6.229711
62.1590148,6.2295709
62.15983799999999,6.2292533
62.1602569,6.2290965
62.160327900000006,6.2290684
62.1603866,6.2290449
62.161072000000004,6.2287671
62.161831500000005,6.228464800000001
62.1618668,6.2284523
62.16268509999999,6.2281255
62.163157899999995,6.227928800000001
62.16387910000001,6.2275779
62.1648295,6.2260158
62.1650933,6.2255359
62.16512999999999,6.2254734
62.1653603,6.2250488
62.1656629,6.2244924
62.1661296,6.2236355
62.1666432,6.222702700000001
62.1677859,6.2204829
62.1678256,6.2203998
62.16786150000001,6.2203245
62.1688886,6.218197300000001
62.1692816,6.217383
62.169576500000005,6.2167697
62.170326700000004,6.2153374
62.1710112,6.2143446
62.17175919999999,6.2132652
62.171866400000006,6.2131094
62.1727718,6.2119628
62.17282360000001,6.211920600000001
62.1734898,6.2112616
62.1738372,6.210691200000001
62.1756771,6.2064292
62.1765571,6.204401
62.17717820000001,6.2030154
62.17867410000001,6.2001846
62.17919349999999,6.1993244
62.1792193,6.199280900000001
62.1798509,6.1982341
62.180532299999996,6.1971184
62.180851700000005,6.1965952
62.1813255,6.1958233
62.18397550000001,6.1975138
62.1844008,6.1968354
62.1844366,6.1967611
62.18461080000001,6.1963992
62.184658999999996,6.1962091
62.18485809999999,6.1965508
62.1866961,6.2058114
62.18680929999999,6.2101258
62.1868233,6.2156082
62.1868642,6.2165035
62.18884769999999,6.2261869
62.192717,6.2322499
62.19441290000001,6.2327456
62.195273900000004,6.2328824
62.1985975,6.2354771
62.2070393,6.2433259
62.20821000000001,6.2431066
62.2125804,6.2459536
62.21234859999999,6.2474804
62.2122561,6.2481151
62.211773,6.2514456
62.21180569999999,6.2514633
62.21417600000001,6.2550339
62.2188799,6.2598516
62.21955210000001,6.2603485
62.2207151,6.2616148
62.2207723,6.2617201
62.2214758,6.262733
62.2236962,6.2656332
62.224457699999995,6.2676089
62.225873500000006,6.2714679
62.2267457,6.2733672
62.22704010000001,6.2739786
62.2277969,6.2755689
62.22829290000001,6.2773672
62.22963610000001,6.2829381
62.2301695,6.2839813
62.231783400000005,6.2933547
62.2318919,6.3000608
62.231936700000006,6.300312700000001
62.2319794,6.300589100000001
62.2320311,6.3039108
62.233061500000005,6.310142300000001
62.2366645,6.3234805
62.237669600000004,6.3273619
62.2384463,6.3294362
62.239105800000004,6.3312715
62.2390106,6.3347861
62.238992999999994,6.3354531
62.23916890000001,6.3384374
62.2393447,6.3393221
62.2393766,6.3394696
62.2395368,6.3400916
62.239872,6.3412183
62.2407548,6.3437437
62.24080240000001,6.3438985
62.2425767,6.3463638
62.2465946,6.3518322
62.24706140000001,6.3534365
62.2474223,6.3546999
62.24745320000001,6.35484
62.249133799999996,6.3638894
62.2524246,6.3737861
62.25269130000001,6.3751023
62.25271,6.3752132
62.2541864,6.3840785
62.254011600000005,6.3901056
62.2560843,6.3957381
62.2563153,6.3964462
62.25763800000001,6.4029415
62.25775039999999,6.4029172
62.25783930000001,6.4030256
62.25830100000001,6.4046914
62.2592312,6.4130777
62.25970639999999,6.4141374
62.2603183,6.416115
62.2603904,6.4165004
62.261202000000004,6.4200861
62.261556500000005,6.4215221
62.2618558,6.4227706
62.2621143,6.4238335
62.2622777,6.4245098
62.2626021,6.4257053
62.265262,6.42378
62.26540910000001,6.4236041
62.2659201,6.423023100000001
62.2781159,6.4202995000000005
62.278147100000005,6.4203008
62.27920259999999,6.4203434
62.2861416,6.4221106
62.2885831,6.4217047
62.2889406,6.4215008
62.2973322,6.4081155
62.2973825,6.4079167
62.2973961,6.4078877
62.297500899999996,6.4077268
62.2975992,6.4076835
62.2979116,6.4085265
62.2982497,6.4095017
62.2984864,6.4097712
62.29933040000001,6.4094115
62.2994045,6.4093442
62.304059900000006,6.4062139
62.30426930000001,6.4061232
62.30471030000001,6.4059019
62.3048603,6.4058258
62.31072089999999,6.401637
62.3109241,6.401464000000001
62.317368,6.3994646
62.3179276,6.3990245
62.3199614,6.3979633
62.3267381,6.3859511
62.326804,6.3858136000000005
62.335536499999996,6.379644900000001
62.3355337,6.3786827
62.335574900000005,6.3783469
62.337224600000006,6.3748003
62.339096000000005,6.3718129
62.33924,6.371583
62.3398631,6.3707168
62.3402975,6.3702774
62.3403614,6.3702076
62.3405828,6.3695568
62.34106419999999,6.3675006
62.34428700000001,6.3618239
62.3444703,6.361626
62.34466650000001,6.3613812
62.3449267,6.3611302
62.3450432,6.3610273
62.346361,6.3594049
62.34726010000001,6.3590618
62.34734650000001,6.358986
62.34770820000001,6.3583815
62.3523306,6.3531628
62.3547788,6.3522981
62.354885100000004,6.3522803
62.3647082,6.3501654
62.374354000000004,6.331733500000001
62.37486479999999,6.3313899
62.37523360000001,6.3311688
62.41363619999999,6.3274843
62.413927,6.3277684
62.4149596,6.3282054
62.4160234,6.3282016
62.4169263,6.3282846
62.4171501,6.3281572
62.41917070000001,6.3268024
62.4216895,6.325277
62.4217214,6.3252414
62.42225270000001,6.3245084
62.422870200000006,6.3234845
62.42649070000001,6.3144924
62.4267985,6.3141416
62.4274821,6.3185401
62.4274642,6.3192853
62.4274458,6.3234514
62.42840050000001,6.3443623
62.42893,6.3484895
62.4291052,6.3497011
62.4295246,6.3521998
62.429577,6.3524124
62.4299216,6.3535481
62.4300462,6.3538791
62.431407,6.355839
62.43341600000001,6.357295000000001
62.43430500000001,6.357917
62.437754,6.360367
62.43819799999999,6.360709
62.438586,6.361019
62.44036899999999,6.362474
62.440603,6.36263
62.441773,6.36291
62.4424453,6.362683200000001
62.443089,6.3622
62.44349700000001,6.361719
62.4445908,6.3597714
62.445439,6.358653
62.445814,6.358329000000001
62.446867,6.357902
62.454308,6.35616
62.46057900000001,6.357735
62.46086499999999,6.357613
62.46090399999999,6.357515
62.461035,6.357487
62.46107,6.357545
62.461372,6.357627
62.463272,6.356391
62.468077,6.353263
62.469133,6.352383
62.469294000000005,6.351675
62.469262,6.351421
62.46935700000001,6.350965
62.469741,6.351058
62.469795,6.351466
62.469766,6.351675
62.469936,6.352817
62.4702366,6.3558629
62.470337,6.357465
62.470479999999995,6.359716000000001
62.47079200000001,6.364753
62.470828,6.365304
62.47084000000001,6.365498
62.470890000000004,6.366286
62.470994100000006,6.3688488
62.471021,6.370968
62.472138,6.389609
62.478336000000006,6.42567
62.478413,6.4282710000000005
62.47845490000001,6.4291973
62.47846500000001,6.4294589
62.478503,6.430647
62.4781035,6.4446863
62.48454830000001,6.5137909
62.483289400000004,6.5236559
62.483276499999995,6.5238237
62.48326420000001,6.523984800000001
62.484622699999996,6.543139
62.48581939999999,6.5522944
62.4861185,6.5534474
62.4866083,6.5555332
62.485760400000004,6.5643308000000005
62.4891659,6.597262700000001
62.4911062,6.604584200000001
62.4911789,6.6046521
62.4916762,6.6045242
62.4919443,6.604536
62.492074099999996,6.6045394
62.4925245,6.6044209
62.49573710000001,6.6111289
62.4997218,6.6215123
62.49984839999999,6.6219635
62.5016778,6.6243357
62.501875600000005,6.6242331
62.504337299999996,6.6224909
62.5044941,6.6223835
62.50484180000001,6.6222036
62.5049569,6.6221695
62.50529890000001,6.622145
62.509707000000006,6.6232504
62.51053629999999,6.6221661
62.510668300000006,6.6219797
62.51139289999999,6.6210384
62.514844,6.6205838
62.51649410000001,6.6228549
62.5184065,6.6275744
62.51888749999999,6.6285267
62.51951450000001,6.6294314
62.5200687,6.630194200000001
62.52074940000001,6.6311052
62.52116130000001,6.6314578
62.52127800000001,6.6315224
62.5228772,6.631028
62.5235103,6.6306883
62.523608200000005,6.6306435
62.524891700000005,6.6303127
62.52546460000001,6.630329700000001
62.531270400000004,6.617834
62.5343133,6.6104744
62.53439060000001,6.6102666
62.53478960000001,6.6090543
62.5356616,6.6056425
62.54365760000001,6.5919717
62.5442874,6.5915894
62.5452435,6.59096
62.54556560000001,6.590579900000001
62.5453867,6.5887734
62.5453707,6.587725500000001
62.54536329999999,6.5867704
62.5453564,6.5854519
62.5452922,6.5761321
62.545292599999996,6.5760383
62.5452921,6.5759224
62.5444662,6.5570635
62.544457200000004,6.5570072
62.54412250000001,6.5526503
62.5439741,6.5470313
62.5439483,6.5465203
62.5435116,6.5402648
62.5434909,6.5399798
62.54321959999999,6.5360924
62.5431696,6.5336346
62.54336060000001,6.5287962
62.54344220000001,6.5267857
62.5435349,6.5234034
62.5435309,6.5232275
62.5435144,6.522809700000001
62.54338130000001,6.5202267
62.5432921,6.5183564
62.54234950000001,6.512428300000001
62.54222339999999,6.5119059
62.541507200000005,6.5091103
62.54094709999999,6.5067026
62.5405033,6.4790294
62.54526210000001,6.47304
62.5464031,6.4726339
62.55143060000001,6.4742879
62.5518465,6.4740681
62.553749100000005,6.4721231
62.553995900000004,6.4718327
62.56016960000001,6.4628347
62.5626122,6.4593942
62.56283950000001,6.4590803
62.56300350000001,6.4589114
62.565269900000004,6.456177200000001
62.5664937,6.4503486
62.580795099999996,6.4537814
62.5812938,6.4533532
62.5820929,6.4523247
62.585519299999994,6.4510748
62.5877469,6.4503423
62.5878147,6.4502934
62.588573100000005,6.4490732
62.588603400000004,6.4487873
62.5885768,6.4481072
62.58837460000001,6.4473637
62.58819820000001,6.4466104
62.5882076,6.4456638
62.59072960000001,6.4436824
62.5929048,6.444084200000001
62.5932189,6.4441499
62.5938574,6.4445218
62.595128300000006,6.4446037
62.59518140000001,6.4445723
62.596078500000004,6.444355000000001
62.5970703,6.44469
62.5976415,6.4449122
62.599144300000006,6.4449914
62.59942829999999,6.4447754
62.5999309,6.444355300000001
62.6002552,6.44415
62.6004702,6.444005
62.60082370000001,6.4437576
62.60137180000001,6.4433541
62.6017663,6.442968600000001
62.6018298,6.4429014
62.6026232,6.4421056
62.6036902,6.4407046
62.6037511,6.4406094
62.603799200000005,6.4405375000000005
62.6039445,6.4409863
62.60425670000001,6.4412041
62.6049383,6.441035500000001
62.60740069999999,6.4455671
62.60749140000001,6.4465569
62.60757720000001,6.4474672
62.607837499999995,6.4486321
62.6397246,6.5230736
62.6397566,6.5227339
62.6398505,6.522594
62.6399638,6.5231799
62.64000970000001,6.5234773
62.6474003,6.5536212
62.65019420000001,6.5593652
62.65110580000001,6.559097
62.6521176,6.5677358
62.65440100000001,6.5777225
62.6545303,6.5785926
62.6585593,6.5948114
62.659297099999996,6.5956095
62.6603314,6.5964308
62.6601788,6.5969838
62.6592484,6.601137
62.659109300000004,6.6021102
62.6577987,6.6040939
62.6570293,6.6110811
62.6571226,6.6168978
62.65664760000001,6.6195039
62.6565263,6.6220502
62.6567563,6.6259426
62.66000009999999,6.651704700000001
62.6606171,6.6548831
62.661144,6.6567934
62.6612891,6.6580001
62.661622300000005,6.6603746
62.6620279,6.662807
62.6622191,6.663640100000001
62.664825199999996,6.6634557
62.6687619,6.6597378
62.6702233,6.6570812
62.670471400000004,6.655181200000001
62.6704359,6.6538314
62.6711603,6.6554844
62.67171870000001,6.6584435
62.67182160000001,6.6589823
62.6727621,6.6666322
62.672769,6.6668882
62.672963,6.6701217
62.6734428,6.6717562
62.67385680000001,6.6741855
62.6730586,6.6751534
62.67268060000001,6.6786601
62.6720923,6.678611
62.67114850000001,6.6790789
62.6708754,6.6791993
62.67015810000001,6.6794421
62.6695415,6.6808613
62.6716981,6.7218903
62.6729108,6.729341500000001
62.674531300000005,6.737183400000001
62.6761985,6.7413606
62.676996300000006,6.7430583
62.6800632,6.7548225
62.6807884,6.7585786
62.6818758,6.7661975
62.68233479999999,6.7672063
62.6823535,6.767242
62.68374970000001,6.7703402
62.683763,6.7704035
62.6840531,6.7756959
62.6842124,6.7803366
62.6852632,6.7892233
62.685351,6.7898599
62.685503800000006,6.7908577
62.68588379999999,6.793207100000001
62.6863591,6.7965573
62.6868078,6.7987553
62.6862863,6.804114
62.687660199999996,6.812364
62.6871179,6.825949400000001
62.687172100000005,6.8300805
62.6888121,6.8369532
62.6888258,6.8370431
62.689806600000004,6.8450364
62.69022139999999,6.8486886
62.69143499999999,6.8540494
62.6917847,6.8555999
62.6927383,6.8591896
62.6945655,6.8679314
62.69551030000001,6.8797378
62.6955793,6.8803013
62.69653850000001,6.885611800000001
62.69669360000001,6.8866336
62.6971082,6.8893092
62.6973424,6.8907402
62.697397200000005,6.8910586
62.698552299999996,6.8952898000000005
62.70091390000001,6.9020628
62.7021206,6.9040585
62.70249749999999,6.9049538
62.7026351,6.905286800000001
62.70305749999999,6.9063304
62.70343290000001,6.907290700000001
62.7036585,6.9078339
62.7037377,6.908032500000001
62.70379689999999,6.9082128
62.70409720000001,6.9102268
62.704186299999996,6.9115951
62.70418780000001,6.9116362
62.7041805,6.9128321
62.70414980000001,6.9139428
62.705290700000006,6.9198848
62.70563810000001,6.9217669
62.7057272,6.9222455
62.7078251,6.9297919
62.7089265,6.9328179
62.714616500000005,6.9317367
62.7150131,6.9318204
62.7165273,6.9331455
62.7182419,6.9349798
62.7198508,6.9361858
62.7198681,6.9367823
62.71961269999999,6.9372924
62.71957489999999,6.9373323
62.7194147,6.937514800000001
62.7288439,6.9858622
62.7288019,6.9867667
62.7291204,6.9891943
62.729231899999995,6.989958700000001
62.7293169,6.9904772
62.72988569999999,7.0040584
62.7298895,7.0126053
62.7282404,7.0185783
62.72833210000001,7.0189816
62.728682,7.0250494
62.729757,7.029674
62.7333158,7.043595
62.7332734,7.0440336
62.7332094,7.0445421
62.733163000000005,7.0448833
62.7322657,7.0502104
62.7322,7.05282
62.73265020000001,7.057605
62.7328666,7.0589059
62.7336761,7.0634045
62.73497019999999,7.0717757
62.735231,7.0742813
62.73567700000001,7.0842955
62.73534800000001,7.0861736
62.73513260000001,7.0873779
62.73462570000001,7.0918604
62.735209600000005,7.1048736
62.734818499999996,7.1085676
62.7346063,7.1142782
62.734626,7.1164172
62.7348204,7.123646300000001
62.735010100000004,7.1341134
62.7342076,7.1405355
62.7341791,7.141699
62.73414559999999,7.1428788
62.734173600000005,7.1428912
62.7342347,7.1430847
62.73413490000001,7.1432864
62.73407460000001,7.1460783
62.73474230000001,7.1488247
62.735096199999994,7.1516466
62.735319100000005,7.1523761
62.73597660000001,7.1544027
62.736620900000005,7.1551953
62.73696,7.1554387
62.7371939,7.1565597
62.7372633,7.156971
62.73733930000001,7.157444
62.737269999999995,7.15784
62.7374208,7.1583278
62.73760000000001,7.1598
62.737680000000005,7.16054
62.7377569,7.162691700000001
62.73779460000001,7.1627356
62.737809000000006,7.1629402
62.7376902,7.162989100000001
62.7376309,7.163275100000001
62.7376066,7.1639923
62.7376064,7.1640061
62.7376042,7.1640704
62.737593600000004,7.1643017
62.737590000000004,7.16446
62.7375278,7.165732900000001
62.7372788,7.1663752
62.73722050000001,7.1671956
62.73722860000001,7.1683898
62.737238,7.1695813
62.737184199999994,7.1714525
62.7369122,7.174446400000001
62.7368993,7.175035499999999
62.7371655,7.179277900000001
62.7375386,7.1811047
62.73863810000001,7.1815498
62.73869739999999,7.181240000000001
62.73883430000001,7.1813940999999994
62.7387744,7.181665099999999
62.73929350000001,7.184932400000001
62.73956590000001,7.186532399999999
62.7397253,7.1898007
62.739723500000004,7.1922889
62.7397253,7.1937232
62.7397296,7.1955539
62.73973579999999,7.1980129
62.7397652,7.201506599999999
62.739855500000004,7.202556
62.7400114,7.2042131000000005
62.7401718,7.2061863
62.7403153,7.2083803
62.74038219999999,7.211181600000001
62.740512100000004,7.2145463
62.740602,7.215834000000001
62.7411493,7.2221817
62.7418301,7.2264516
62.742093499999996,7.2281142
62.742302300000006,7.2294525
62.742591399999995,7.231295800000001
62.7429826,7.233838399999999
62.743206300000004,7.2352545
62.74349970000001,7.2371115
62.7435283,7.2372928
62.7436272,7.237917400000001
62.7437132,7.2384697
62.74373250000001,7.2385912
62.744067,7.2406804000000005
62.7441251,7.2410065
62.7441902,7.241355000000001
62.744486200000004,7.2421638
62.7446051,7.242721800000001
62.74473629999999,7.244041800000001
62.7448557,7.244572300000001
62.7451684,7.245929
62.74571670000001,7.2483534
62.746215400000004,7.250557200000001
62.7465722,7.252024
62.7467524,7.2528496
62.746767000000006,7.2529159
62.7476962,7.2576335
62.7479301,7.2583672
62.7480188,7.258486600000001
62.748453000000005,7.258653700000001
62.7485723,7.2587909
62.7489157,7.2592293
62.74906860000001,7.2594246
62.749292000000004,7.259685899999999
62.750283,7.260998200000001
62.75040580000001,7.2611609
62.75192,7.262702699999999
62.7525595,7.263065899999999
62.75297520000001,7.263302
62.75330540000001,7.2634896
62.7614861,7.274526400000001
62.7616162,7.2746336
62.7634469,7.275723500000001
62.765742800000005,7.2760294
62.766276,7.275549800000001
62.766456,7.275325799999999
62.7682794,7.2724273
62.7819416,7.2463174
62.788116800000005,7.2368772
62.7911561,7.232609199999999
62.791608800000006,7.2324138
62.7918931,7.2323105
62.792038700000006,7.2322635
62.7922257,7.232202099999999
62.792962800000005,7.231939800000001
62.793047,7.231904499999999
62.7957012,7.2301575
62.7984119,7.2386520999999995
62.798998700000006,7.2394203
62.799385,7.2398784
62.800424,7.2411945
62.80210830000001,7.244568600000001
62.8025532,7.2450565000000005
62.802688100000005,7.245183299999999
62.80582780000001,7.2466935999999995
62.8064895,7.246612
62.8073081,7.2465097
62.80991040000001,7.245819400000001
62.8100755,7.2457715
62.8122731,7.245033900000001
62.8145376,7.242602800000001
62.8156535,7.2406804000000005
62.81620670000001,7.2398379
62.8178345,7.238015200000001
62.8179717,7.237902000000001
62.8198437,7.237051600000001
62.8225905,7.237728700000001
62.8226782,7.2377036
62.8251144,7.236885200000001
62.82631800000001,7.2364808
62.8282043,7.235842300000001
62.8287801,7.2356474
62.82889490000001,7.235609199999999
62.8293179,7.2354653
62.8300054,7.2352336
62.83093490000001,7.234919100000001
62.83227279999999,7.234668300000001
62.8324887,7.2346793
62.8326786,7.2346861
62.83420580000001,7.234795999999999
62.834884300000006,7.2353308
62.83585790000001,7.2362839
62.83677310000001,7.236969000000001
62.83709880000001,7.237208700000001
62.83757000000001,7.236996400000001
62.83758889999999,7.2369788
62.837687900000006,7.2370917
62.8376917,7.2371281
62.83804179999999,7.2371863
62.8381164,7.2371197
62.838317499999995,7.2370323999999995
62.83873559999999,7.2369187
62.8404329,7.2403051
62.84123790000001,7.2425232
62.84195660000001,7.2436662
62.842369500000004,7.244176600000001
62.844228300000005,7.2462763
62.846295600000005,7.2496763
62.849822,7.2546866
62.8507749,7.2559113
62.85292690000001,7.258775
62.856608800000004,7.2631615
62.8598251,7.266745000000001
62.8633752,7.2707231
62.8667632,7.274803900000001
62.8712276,7.290410800000001
62.8776712,7.317109000000001
62.8797802,7.3255847
62.8848281,7.345969
62.886036100000005,7.3499574
62.8860714,7.3500598
62.8867319,7.3521034
62.8873342,7.3539967
62.887924000000005,7.355969299999999
62.888400600000004,7.3578544
62.8890112,7.360256100000001
62.88906510000001,7.360467000000001
62.889681700000004,7.3629096
62.8901904,7.364927600000001
62.8906555,7.366779500000001
62.891322,7.3694384
62.89178129999999,7.3712798
62.8925362,7.374610100000001
62.89282029999999,7.3761783
62.8932818,7.379088399999999
62.8934462,7.380312400000001
62.8936328,7.381687399999999
62.8940606,7.384713799999999
62.89431739999999,7.3869011
62.89490060000001,7.3864207
62.8952964,7.386271000000001
62.9007306,7.379119899999999
62.901406200000004,7.369956799999999
62.90172330000001,7.3685126
62.90245130000001,7.3661756
62.90296570000001,7.365596899999999
62.90335840000001,7.3635324
62.9035127,7.360573700000001
62.9039712,7.3581644
62.90407110000001,7.357579300000001
62.9093068,7.3356215
62.909318600000006,7.3355644
62.9093514,7.335423600000001
62.91206369999999,7.324050800000001
62.915527600000004,7.307244899999999
62.9155581,7.307066099999999
62.9155968,7.306850099999999
62.917073200000004,7.298449000000001
62.9173764,7.299233600000001
62.9184637,7.303367699999999
62.920343,7.3105205
62.9213468,7.314185000000001
62.9227449,7.3174547
62.924024900000006,7.319139
62.924842299999995,7.3201823
62.925107,7.3205006
62.9251399,7.320541400000001
62.929735699999995,7.326404999999999
62.9305074,7.327381900000001
62.93131459999999,7.3285907
62.9316843,7.329445200000001
62.93171480000001,7.3295223
62.931917799999994,7.330040000000001
62.9326295,7.3320306
62.9334528,7.334380300000001
62.9337816,7.335289600000001
62.9355597,7.33875
62.9360057,7.339211000000001
62.9377998,7.3410024
62.93858790000001,7.3417849
62.93980810000001,7.343007600000001
62.9460043,7.341077300000001
62.9460427,7.3410099
62.9467844,7.3396665
62.9479579,7.340869499999999
62.9487232,7.3417741
62.950398699999994,7.3445138
62.9512516,7.345430600000001
62.952057800000006,7.3463194
62.952145900000005,7.346417400000001
62.952663900000005,7.346966100000001
62.95507609999999,7.3519938
62.95522590000001,7.352368
62.95580480000001,7.3534447
62.9560386,7.353917600000001
62.9580619,7.357359899999999
62.9583526,7.3583918
62.9585996,7.3600722
62.9588065,7.3605221
62.9588617,7.360438800000001
62.960488,7.359690800000001
62.961381700000004,7.360076200000001
62.96164250000001,7.3601094
62.96178340000001,7.360100599999999
62.96240629999999,7.359891700000001
62.963502999999996,7.358588999999999
62.964950200000004,7.356266399999999
62.9651808,7.356055799999999
62.9656457,7.3555616
62.9658392,7.355252200000001
62.9664735,7.3526072
62.966706,7.3507798
62.967019300000004,7.348843900000001
62.9672528,7.347218300000001
62.9673995,7.344758099999999
62.96733520000001,7.3428511
62.9670291,7.3294667
62.9670265,7.329354200000001
62.9668227,7.3262296000000005
62.9669738,7.3221937
62.96754580000001,7.316582800000001
62.96760389999999,7.3161273
62.96868669999999,7.3126163
62.9688117,7.3123745
62.9693204,7.311414299999999
62.970089900000005,7.3099471
62.97076400000001,7.308692100000001
62.9709816,7.3082836
62.9723337,7.3064444
62.975136000000006,7.305334900000001
62.9759679,7.304540900000001
62.97709129999999,7.3037934
62.978961600000005,7.304356500000001
62.979490399999996,7.3048828
62.97953799999999,7.304929900000001
62.98115460000001,7.307923700000001
62.981981,7.309149000000001
62.9830074,7.3096297
62.98331540000001,7.3096155000000005
62.983681000000004,7.3094712
62.984299,7.3089586
62.9857562,7.3069782
62.98626900000001,7.3062751
62.987523,7.3045988
62.98828639999999,7.303731700000001
62.99109,7.3006679
62.99326510000001,7.2980578
62.99460899999999,7.293815800000001
62.995325099999995,7.292261200000001
62.9954788,7.2919654000000005
62.99616230000001,7.2906135999999995
62.99693440000001,7.2891109
62.998368,7.287230000000001
62.998448499999995,7.287188
62.9985768,7.287120999999999
62.9987733,7.2870192000000005
62.9999487,7.286026399999999
63.00373220000001,7.294350499999999
63.003878199999996,7.294274599999999
63.0041628,7.2941154
63.0059465,7.2936978
63.0073614,7.297832999999999
63.00828340000001,7.303862100000001
63.0086502,7.305608899999999
63.009341199999994,7.3074371000000005
63.009863100000004,7.3087145
63.0105421,7.3113593
63.0105635,7.3136612
63.0105553,7.3153296
63.0123538,7.3237289
63.0127771,7.3275874000000005
63.0152315,7.3403223
63.0152781,7.3406776
63.0162765,7.344133700000001
63.0164149,7.344538
63.016766800000006,7.3460319
63.0168073,7.347838
63.0165475,7.3522021
63.01671230000001,7.354023000000001
63.01725100000001,7.3571739
63.0180229,7.362829999999999
63.0181122,7.3640118
63.0185852,7.3666977
63.0198403,7.370117600000001
63.0200886,7.370910199999999
63.02062360000001,7.3725676
63.022097800000004,7.375966600000001
63.0222056,7.3768361
63.021670400000005,7.3806091
63.02158500000001,7.380836099999999
63.02151450000001,7.3810188
63.021293,7.3815930000000005
63.02110660000001,7.3820762
63.0207152,7.3830888
63.020390199999994,7.3839334
63.0201071,7.3846694
63.0174973,7.391457299999999
63.01531030000001,7.3977313
63.01473980000001,7.398455200000001
63.0143494,7.399127
63.0140935,7.3998548
63.013846,7.4023647
63.0140019,7.407277700000001
63.014045,7.4118138
63.0137971,7.4136692
63.0134663,7.4153936
63.0130541,7.417563100000001
63.01228759999999,7.4215615
63.0122566,7.4217232
63.011746499999994,7.424391900000001
63.0113694,7.425953999999999
63.011840400000004,7.427850100000001
63.01186260000001,7.4279938
63.0120856,7.429902000000001
63.0122366,7.4313675
63.0123946,7.4332714
63.012624200000005,7.4346158
63.01273809999999,7.4352909
63.0129186,7.437890300000001
63.01333600000001,7.4404381
63.0133526,7.440544900000001
63.013538399999995,7.4413165
63.013681,7.4419386
63.01383930000001,7.444180500000001
63.0142225,7.4439915
63.014387299999996,7.4445478
63.0146098,7.4453679
63.014790700000006,7.4460174
